0,0,0,0,0,0,0,0,0,0,0,0,0,0,0,0,0,0,0,0,0,0,0,0,0,0,0,0,0,0,0,0,0,0,0,0,
0,0,0,0,0,0,0,0,0,0,0,0,0,0,0,0,0,0,0,0,0,0,0,0,0,0,0,0,0,0,0,0,0,0,0,0,
0,0,0,0,0,0,0,0,0,0,0,0,0,0,0,0,0,0,0,0,0,0,0,0,0,0,0,0,0,0,0,0,0,0,0,0,
0,0,0,0,0,0,0,0,0,0,0,0,0,0,0,0,0,0,0,0,0,0,0,0,0,0,0,0,0,0,0,0,0,0,0,0,
0,0,0,0,0,0,0,0,0,0,0,0,0,0,0,0,0,0,0,0,0,0,0,0,0,0,0,0,0,0,0,0,0,0,0,0,
0,0,0,0,0,0,0,0,0,0,0,0,0,0,0,0,0,0,0,0,0,0,0,0,0,0,0,0,0,0,0,0,0,0,0,0,
4,5,6,16,17,18,0,0,0,0,4,11,18,0,0,0,0,4,11,18,0,0,0,0,4,11,18,0,0,0,0,4,5,6,16,17,
50,51,52,62,63,64,0,0,0,0,50,57,64,0,0,0,0,50,57,64,0,0,0,0,50,57,64,0,0,0,0,50,51,52,62,63,
96,97,98,108,109,110,0,0,0,0,96,37,110,0,0,0,0,96,37,110,0,0,0,0,96,37,110,0,0,0,0,96,97,98,108,109,
22,23,24,37,38,39,0,0,0,0,22,83,39,0,0,0,0,22,83,39,0,0,0,0,22,83,39,0,0,0,0,22,23,24,37,38,
68,69,70,83,84,85,0,0,0,0,68,129,85,0,0,0,0,68,129,85,0,0,0,0,68,129,85,0,0,0,0,68,69,70,83,84,
114,115,116,129,130,131,0,0,0,0,114,37,131,0,0,0,0,114,37,131,0,0,0,0,114,37,131,0,0,0,0,114,115,116,129,130,
22,23,24,37,38,39,0,0,0,0,22,37,39,0,0,0,0,22,37,39,0,0,0,0,22,37,39,0,0,0,0,22,23,24,37,38,
68,69,70,83,84,85,0,0,0,0,68,83,85,0,0,0,0,68,83,85,0,0,0,0,68,83,85,0,0,0,0,68,69,70,83,84,
114,115,116,129,130,131,0,0,0,0,114,129,131,0,0,0,0,114,129,131,0,0,0,0,114,129,131,0,0,0,0,114,115,116,129,130,
163,164,165,280,281,282,0,0,0,0,163,24,282,0,0,0,0,163,24,282,0,0,0,0,163,24,282,0,0,0,0,163,164,165,280,281,
209,210,211,326,327,328,0,0,0,0,209,70,328,0,0,0,0,209,70,328,0,0,0,0,209,70,328,0,0,0,0,209,210,211,326,327,
255,256,257,372,373,374,0,0,0,0,255,237,374,0,0,0,0,255,237,374,0,0,0,0,255,237,374,0,0,0,0,255,256,257,372,373,
0,0,0,0,0,0,0,0,0,0,0,0,0,0,0,0,0,0,0,0,0,0,0,0,0,0,0,0,0,0,0,0,0,0,0,0,
0,0,0,0,0,0,0,0,0,0,0,0,0,0,0,0,0,0,0,0,0,0,0,0,0,0,0,0,0,0,0,0,0,0,0,0,
0,0,0,0,0,0,0,0,0,0,0,0,0,0,0,0,0,0,0,0,0,0,0,0,0,0,0,0,0,0,0,0,0,0,0,0,
0,0,0,0,0,0,0,0,0,0,0,0,0,0,0,0,0,0,0,0,0,0,0,0,0,0,0,0,0,0,0,0,0,0,0,0,
0,0,0,0,0,0,0,0,0,0,0,0,0,0,0,0,0,0,0,0,0,0,0,0,0,0,0,0,0,0,0,0,0,0,0,0,
0,0,0,0,0,0,0,0,0,0,0,0,0,0,0,0,0,0,0,0,0,0,0,0,0,0,0,0,0,0,0,0,0,0,0,0,
0,0,0,0,0,0,0,0,0,0,0,0,0,0,0,0,0,0,0,0,0,0,0,0,0,0,0,0,0,0,0,0,0,0,0,0,
0,0,0,0,0,0,0,0,0,0,0,0,0,0,0,0,0,0,0,0,0,0,0,0,0,0,0,0,0,0,0,0,0,0,0,0,
0,0,0,0,0,0,0,0,0,0,0,0,0,0,0,0,0,0,0,0,0,0,0,0,0,0,0,0,0,0,0,0,0,0,0,0,
1,2,3,13,14,15,0,0,0,0,1,8,15,0,0,0,0,1,8,15,0,0,0,0,1,8,15,0,0,0,0,1,2,3,13,14,
47,48,49,59,60,61,0,0,0,0,47,54,61,0,0,0,0,47,54,61,0,0,0,0,47,54,61,0,0,0,0,47,48,49,59,60,
93,94,95,105,106,107,0,0,0,0,93,100,107,0,0,0,0,93,100,107,0,0,0,0,93,100,107,0,0,0,0,93,94,95,105,106,
19,20,21,31,32,33,0,0,0,0,19,21,33,0,0,0,0,19,21,33,0,0,0,0,19,21,33,0,0,0,0,19,20,21,31,32,
65,66,67,77,78,79,0,0,0,0,65,67,79,0,0,0,0,65,67,79,0,0,0,0,65,67,79,0,0,0,0,65,66,67,77,78,
111,112,113,123,124,125,0,0,0,0,111,113,125,0,0,0,0,111,113,125,0,0,0,0,111,113,125,0,0,0,0,111,112,113,123,124,
19,20,21,31,32,33,0,0,0,0,19,21,33,0,0,0,0,19,21,33,0,0,0,0,19,21,33,0,0,0,0,19,20,21,31,32,
65,66,67,77,78,79,0,0,0,0,65,67,79,0,0,0,0,65,67,79,0,0,0,0,65,67,79,0,0,0,0,65,66,67,77,78,
111,112,113,123,124,125,0,0,0,0,111,21,125,0,0,0,0,111,21,125,0,0,0,0,111,21,125,0,0,0,0,111,112,113,123,124,
160,161,162,166,167,168,0,0,0,0,160,67,168,0,0,0,0,160,67,168,0,0,0,0,160,67,168,0,0,0,0,160,161,162,166,167,
206,207,208,212,213,214,0,0,0,0,206,113,214,0,0,0,0,206,113,214,0,0,0,0,206,113,214,0,0,0,0,206,207,208,212,213,
252,253,254,258,259,260,0,0,0,0,252,235,260,0,0,0,0,252,235,260,0,0,0,0,252,235,260,0,0,0,0,252,253,254,258,259,
0,0,0,0,0,0,0,0,0,0,0,0,0,0,0,0,0,0,0,0,0,0,0,0,0,0,0,0,0,0,0,0,0,0,0,0,
0,0,0,0,0,0,0,0,0,0,0,0,0,0,0,0,0,0,0,0,0,0,0,0,0,0,0,0,0,0,0,0,0,0,0,0,
0,0,0,0,0,0,0,0,0,0,0,0,0,0,0,0,0,0,0,0,0,0,0,0,0,0,0,0,0,0,0,0,0,0,0,0,
0,0,0,0,0,0,0,0,0,0,0,0,0,0,0,0,0,0,0,0,0,0,0,0,0,0,0,0,0,0,0,0,0,0,0,0,
0,0,0,0,0,0,0,0,0,0,0,0,0,0,0,0,0,0,0,0,0,0,0,0,0,0,0,0,0,0,0,0,0,0,0,0,
0,0,0,0,0,0,0,0,0,0,0,0,0,0,0,0,0,0,0,0,0,0,0,0,0,0,0,0,0,0,0,0,0,0,0,0,
0,0,0,0,0,0,0,0,0,0,0,0,0,0,0,0,0,0,0,0,0,0,0,0,0,0,0,0,0,0,0,0,0,0,0,0,
0,0,0,0,0,0,0,0,0,0,0,0,0,0,0,0,0,0,0,0,0,0,0,0,0,0,0,0,0,0,0,0,0,0,0,0,
0,0,0,0,0,0,0,0,0,0,0,0,0,0,0,0,0,0,0,0,0,0,0,0,0,0,0,0,0,0,0,0,0,0,0,0,
433,434,435,298,299,300,0,0,0,0,433,299,300,0,0,0,0,433,299,300,0,0,0,0,433,299,300,0,0,0,0,433,434,435,298,299,
479,480,481,344,345,346,0,0,0,0,479,527,346,0,0,0,0,479,527,346,0,0,0,0,479,527,346,0,0,0,0,479,480,481,344,345,
525,526,527,390,391,392,0,0,0,0,525,527,392,0,0,0,0,525,527,392,0,0,0,0,525,527,392,0,0,0,0,525,526,527,390,391,
301,302,303,307,308,309,0,0,0,0,301,303,309,0,0,0,0,301,303,309,0,0,0,0,301,303,309,0,0,0,0,301,302,303,307,308,
347,348,349,353,354,355,0,0,0,0,347,349,355,0,0,0,0,347,349,355,0,0,0,0,347,349,355,0,0,0,0,347,348,349,353,354,
393,394,395,399,400,401,0,0,0,0,393,395,401,0,0,0,0,393,395,401,0,0,0,0,393,395,401,0,0,0,0,393,394,395,399,400,
301,302,303,307,308,309,0,0,0,0,301,303,309,0,0,0,0,301,303,309,0,0,0,0,301,303,309,0,0,0,0,301,302,303,307,308,
347,348,349,353,354,355,0,0,0,0,347,349,355,0,0,0,0,347,349,355,0,0,0,0,347,349,355,0,0,0,0,347,348,349,353,354,
393,394,395,399,400,401,0,0,0,0,393,395,401,0,0,0,0,393,395,401,0,0,0,0,393,395,401,0,0,0,0,393,394,395,399,400,
418,419,420,421,422,423,0,0,0,0,418,420,423,0,0,0,0,418,420,423,0,0,0,0,418,420,423,0,0,0,0,418,419,420,421,422,
464,465,466,467,468,469,0,0,0,0,464,466,469,0,0,0,0,464,466,469,0,0,0,0,464,466,469,0,0,0,0,464,465,466,467,468,
510,511,512,513,514,515,0,0,0,0,510,409,515,0,0,0,0,510,409,515,0,0,0,0,510,409,515,0,0,0,0,510,511,512,513,514,
0,0,0,0,0,0,0,0,0,0,0,0,0,0,0,0,0,0,0,0,0,0,0,0,0,0,0,0,0,0,0,0,0,0,0,0,
0,0,0,0,0,0,0,0,0,0,0,0,0,0,0,0,0,0,0,0,0,0,0,0,0,0,0,0,0,0,0,0,0,0,0,0,
0,0,0,0,0,0,0,0,0,0,0,0,0,0,0,0,0,0,0,0,0,0,0,0,0,0,0,0,0,0,0,0,0,0,0,0,
0,0,0,0,0,0,0,0,0,0,0,0,0,0,0,0,0,0,0,0,0,0,0,0,0,0,0,0,0,0,0,0,0,0,0,0,
0,0,0,0,0,0,0,0,0,0,0,0,0,0,0,0,0,0,0,0,0,0,0,0,0,0,0,0,0,0,0,0,0,0,0,0,
0,0,0,0,0,0,0,0,0,0,0,0,0,0,0,0,0,0,0,0,0,0,0,0,0,0,0,0,0,0,0,0,0,0,0,0,
0,0,0,0,0,0,0,0,0,0,0,0,0,0,0,0,0,0,0,0,0,0,0,0,0,0,0,0,0,0,0,0,0,0,0,0,
0,0,0,0,0,0,0,0,0,0,0,0,0,0,0,0,0,0,0,0,0,0,0,0,0,0,0,0,0,0,0,0,0,0,0,0,
0,0,0,0,0,0,0,0,0,0,0,0,0,0,0,0,0,0,0,0,0,0,0,0,0,0,0,0,0,0,0,0,0,0,0,0,
556,557,558,568,569,570,0,0,0,0,556,557,570,0,0,0,0,556,557,570,0,0,0,0,556,557,570,0,0,0,0,556,557,558,568,569,
602,603,604,614,615,616,0,0,0,0,602,576,616,0,0,0,0,602,576,616,0,0,0,0,602,576,616,0,0,0,0,602,603,604,614,615,
648,649,650,660,661,662,0,0,0,0,648,622,662,0,0,0,0,648,622,662,0,0,0,0,648,622,662,0,0,0,0,648,649,650,660,661,
574,575,576,586,587,588,0,0,0,0,574,576,588,0,0,0,0,574,576,588,0,0,0,0,574,576,588,0,0,0,0,574,575,576,586,587,
620,621,622,632,633,634,0,0,0,0,620,622,634,0,0,0,0,620,622,634,0,0,0,0,620,622,634,0,0,0,0,620,621,622,632,633,
666,667,668,678,679,680,0,0,0,0,666,576,680,0,0,0,0,666,576,680,0,0,0,0,666,576,680,0,0,0,0,666,667,668,678,679,
574,575,576,586,587,588,0,0,0,0,574,622,588,0,0,0,0,574,622,588,0,0,0,0,574,622,588,0,0,0,0,574,575,576,586,587,
620,621,622,632,633,634,0,0,0,0,620,622,634,0,0,0,0,620,622,634,0,0,0,0,620,622,634,0,0,0,0,620,621,622,632,633,
666,667,668,678,679,680,0,0,0,0,666,576,680,0,0,0,0,666,576,680,0,0,0,0,666,576,680,0,0,0,0,666,667,668,678,679,
715,716,717,721,722,723,0,0,0,0,715,622,723,0,0,0,0,715,622,723,0,0,0,0,715,622,723,0,0,0,0,715,716,717,721,722,
761,762,763,767,768,769,0,0,0,0,761,763,769,0,0,0,0,761,763,769,0,0,0,0,761,763,769,0,0,0,0,761,762,763,767,768,
807,808,809,813,814,815,0,0,0,0,807,790,815,0,0,0,0,807,790,815,0,0,0,0,807,790,815,0,0,0,0,807,808,809,813,814,
0,0,0,0,0,0,0,0,0,0,0,0,0,0,0,0,0,0,0,0,0,0,0,0,0,0,0,0,0,0,0,0,0,0,0,0,
0,0,0,0,0,0,0,0,0,0,0,0,0,0,0,0,0,0,0,0,0,0,0,0,0,0,0,0,0,0,0,0,0,0,0,0,
0,0,0,0,0,0,0,0,0,0,0,0,0,0,0,0,0,0,0,0,0,0,0,0,0,0,0,0,0,0,0,0,0,0,0,0
